190	9458,500828
191	12768,97612
192	9458,500828
193	10404,35091
194	10246,70923
195	9931,425869
196	11665,48435
197	9931,425869
198	10561,99259
199	12296,05108
200	9773,784189
201	8512,650745
202	10404,35091
203	10246,70923
204	10089,06755
205	10404,35091
206	9931,425869
207	10404,35091
208	10561,99259
209	11192,55931
210	9931,425869
211	9458,500828
212	9143,217467
213	8670,292425
214	8827,934106
215	9143,217467
216	9773,784189
217	10877,27595
218	11665,48435
219	12611,33444
220	13399,54284
221	13872,46788
222	14345,39292
223	14503,0346
224	14660,67628
225	14818,31796
226	14818,31796
227	14660,67628
228	14660,67628
229	14503,0346
230	14345,39292
231	14030,10956
232	13714,8262
233	13241,90116
234	12768,97612
235	12138,4094
236	11507,84267
237	11034,91763
238	10404,35091
239	9931,425869
240	9458,500828
241	8985,575786
242	8512,650745
243	8197,367384
244	7882,084023
245	7724,442343
246	7566,800662
247	7409,158982
248	7251,517301
249	7251,517301
250	7093,875621
251	7093,875621
252	7093,875621
253	6936,23394
254	6936,23394
255	6936,23394
256	7093,875621
257	7093,875621
258	7093,875621
259	7251,517301
260	7409,158982
261	7566,800662
262	7724,442343
263	7882,084023
264	8039,725703
265	8197,367384
266	8355,009064
267	8670,292425
268	8827,934106
269	8985,575786
270	9143,217467
271	9300,859147
272	9458,500828
273	9616,142508
274	9773,784189
275	9931,425869
276	9931,425869
277	9931,425869
278	10089,06755
279	10089,06755
280	10089,06755
281	10089,06755
282	9931,425869
283	9773,784189
284	9616,142508
285	9300,859147
286	8985,575786
287	8670,292425
288	8197,367384
289	7882,084023
290	7566,800662
291	7251,517301
292	7093,875621
293	6936,23394
294	6778,59226
295	6620,950579
296	6620,950579
297	6620,950579
298	6463,308899
299	6463,308899
300	6620,950579
301	6620,950579
302	6620,950579
303	6620,950579
304	6778,59226
305	6778,59226
306	6936,23394
307	6936,23394
308	7093,875621
309	7093,875621
310	7251,517301
311	7251,517301
312	7409,158982
313	7566,800662
314	7566,800662
315	7724,442343
316	7724,442343
317	7882,084023
318	7882,084023
319	8039,725703
320	8197,367384
321	8197,367384
322	8355,009064
323	8355,009064
324	8355,009064
325	8512,650745
326	8512,650745
327	8670,292425
328	8670,292425
329	8670,292425
330	8670,292425
331	8827,934106
332	8827,934106
333	8827,934106
334	8827,934106
335	8827,934106
336	8827,934106
337	8827,934106
338	8827,934106
339	8827,934106
340	8827,934106
341	8827,934106
342	8827,934106
343	8827,934106
344	8827,934106
345	8827,934106
346	8827,934106
347	8827,934106
348	8827,934106
349	8670,292425
350	8670,292425
351	8670,292425
352	8670,292425
353	8670,292425
354	8670,292425
355	8670,292425
356	8827,934106
357	8827,934106
358	8827,934106
359	8827,934106
360	8827,934106
361	8827,934106
362	8985,575786
363	8985,575786
364	8985,575786
365	9143,217467
366	9143,217467
367	9300,859147
368	9300,859147
369	9458,500828
370	9616,142508
371	9616,142508
372	9773,784189
373	9931,425869
374	10089,06755
375	10246,70923
376	10246,70923
377	10404,35091
378	10561,99259
379	10719,63427
380	10877,27595
381	11192,55931
382	11350,20099
383	11507,84267
384	11665,48435
385	11980,76771
386	12138,4094
387	12296,05108
388	12453,69276
389	12611,33444
390	12926,6178
391	13084,25948
392	13241,90116
393	13557,18452
394	13714,8262
395	13872,46788
396	14187,75124
397	14345,39292
398	14503,0346
399	14818,31796
400	14975,95964
401	15133,60132
402	15448,88469
403	15606,52637
404	15764,16805
405	16079,45141
406	16237,09309
407	16394,73477
408	16552,37645
409	16710,01813
410	16867,65981
411	17182,94317
412	17340,58485
413	17498,22653
414	17655,86821
415	17813,50989
416	17971,15157
417	18128,79325
418	18128,79325
419	18286,43493
420	18444,07661
421	18601,71829
422	18601,71829
423	18759,35997
424	18759,35997
425	18917,00166
426	18917,00166
427	19074,64334
428	19074,64334
429	19074,64334
430	19232,28502
431	19232,28502
432	19232,28502
433	19232,28502
434	19232,28502
435	19232,28502
436	19232,28502
437	19232,28502
438	19232,28502
439	19074,64334
440	19074,64334
441	19074,64334
442	18917,00166
443	18917,00166
444	18759,35997
445	18759,35997
446	18601,71829
447	18444,07661
448	18444,07661
449	18286,43493
450	18128,79325
451	17971,15157
452	17813,50989
453	17655,86821
454	17498,22653
455	17340,58485
456	17182,94317
457	17025,30149
458	16710,01813
459	16552,37645
460	16394,73477
461	16237,09309
462	15921,80973
463	15764,16805
464	15606,52637
465	15291,243
466	15133,60132
467	14818,31796
468	14660,67628
469	14345,39292
470	14187,75124
471	13872,46788
472	13714,8262
473	13399,54284
474	13241,90116
475	12926,6178
476	12611,33444
477	12453,69276
478	12138,4094
479	11980,76771
480	11665,48435
481	11507,84267
482	11192,55931
483	10877,27595
484	10719,63427
485	10404,35091
486	10089,06755
487	9931,425869
488	9773,784189
489	9458,500828
490	9300,859147
491	8985,575786
492	8827,934106
493	8512,650745
494	8355,009064
495	8039,725703
496	7882,084023
497	7724,442343
498	7409,158982
499	7251,517301
500	7093,875621
501	6778,59226
502	6620,950579
503	6463,308899
504	6305,667218
505	5990,383857
506	5832,742177
507	5675,100497
508	5517,458816
509	5359,817136
510	5202,175455
511	5044,533775
512	4729,250414
513	4571,608733
514	4413,967053
515	4256,325372
516	4256,325372
517	4098,683692
518	3941,042012
519	3783,400331
520	3625,758651
521	3468,11697
522	3310,47529
523	3152,833609
524	3152,833609
525	2995,191929
526	2837,550248
527	2837,550248
528	2679,908568
529	2522,266887
530	2522,266887
531	2364,625207
532	2206,983526
533	2206,983526
534	2049,341846
535	2049,341846
536	1891,700166
537	1891,700166
538	1734,058485
539	1734,058485
540	1576,416805
541	1576,416805
542	1418,775124
543	1418,775124
544	1418,775124
545	1261,133444
546	1261,133444
547	1261,133444
548	1103,491763
549	1103,491763
550	1103,491763
551	945,8500828
552	945,8500828
553	945,8500828
554	945,8500828
555	788,2084023
556	788,2084023
557	788,2084023
558	788,2084023
559	788,2084023
560	630,5667218
561	630,5667218
562	630,5667218
563	630,5667218
564	630,5667218
565	630,5667218
566	472,9250414
567	472,9250414
568	472,9250414
569	472,9250414
570	472,9250414
571	472,9250414
572	472,9250414
573	472,9250414
574	472,9250414
575	472,9250414
576	315,2833609
577	315,2833609
578	315,2833609
579	315,2833609
580	315,2833609
581	315,2833609
582	315,2833609
583	315,2833609
584	315,2833609
585	315,2833609
586	315,2833609
587	315,2833609
588	315,2833609
589	315,2833609
590	315,2833609
591	315,2833609
592	315,2833609
593	315,2833609
594	315,2833609
595	315,2833609
596	315,2833609
597	315,2833609
598	315,2833609
599	315,2833609
600	315,2833609
601	315,2833609
602	315,2833609
603	315,2833609
604	315,2833609
605	315,2833609
606	315,2833609
607	315,2833609
608	315,2833609
609	315,2833609
610	315,2833609
611	315,2833609
612	157,6416805
613	157,6416805
614	315,2833609
615	315,2833609
616	315,2833609
617	157,6416805
618	157,6416805
619	157,6416805
620	157,6416805
621	157,6416805
622	157,6416805
623	157,6416805
624	157,6416805
625	157,6416805
626	157,6416805
627	157,6416805
628	157,6416805
629	157,6416805
630	157,6416805
631	157,6416805
632	157,6416805
633	157,6416805
634	157,6416805
635	157,6416805
636	157,6416805
637	157,6416805
638	157,6416805
639	157,6416805
640	157,6416805
641	157,6416805
642	157,6416805
643	157,6416805
644	157,6416805
645	157,6416805
646	157,6416805
647	157,6416805
648	157,6416805
649	157,6416805
650	157,6416805
651	157,6416805
652	157,6416805
653	157,6416805
654	157,6416805
655	157,6416805
656	157,6416805
657	157,6416805
658	157,6416805
659	157,6416805
660	157,6416805
661	157,6416805
662	157,6416805
663	157,6416805
664	157,6416805
665	157,6416805
666	157,6416805
667	0
668	0
669	0
670	0
671	0
672	0
673	0
674	0
675	0
676	0
677	0
678	0
679	0
680	0
681	0
682	0
683	0
684	0
685	0
686	0
687	0
688	0
689	0
690	0
691	0
692	0
693	0
694	0
695	0
696	0
697	0
698	0
699	0
700	0
701	0
702	0
703	0
704	0
705	0
706	0
707	0
708	0
709	0
710	0
711	0
712	0
713	0
714	0
715	0
716	0
717	0
718	0
719	0
720	0
721	0
722	0
723	0
724	0
725	0
726	0
727	0
728	0
729	0
730	0
731	0
732	0
733	0
734	0
735	0
736	0
737	0
738	0
739	0
740	0
741	0
742	0
743	0
744	0
745	0
746	0
747	0
748	0
749	0
750	0
751	0
752	0
753	0
754	0
755	0
756	0
757	0
758	0
759	0
760	0
761	0
762	0
763	0
764	0
765	0
766	0
767	0
768	0
769	0
770	0
771	0
772	0
773	0
774	0
775	0
776	0
777	0
778	0
779	0
780	0
781	0
782	0
783	0
784	0
785	0
786	0
787	0
788	0
789	0
790	0
791	0
792	0
793	0
794	0
795	0
796	0
797	0
798	0
799	0
800	0
801	0
802	0
803	0
804	0
805	0
806	0
807	0
808	0
809	0
810	0
811	0
812	0
813	0
814	0
815	0
816	0
817	0
818	0
819	0
820	0
821	0
822	0
823	0
824	0
825	0
826	0
827	0
828	0
829	0
830	0
831	0
832	0
833	0
834	0
835	0
836	0
837	0
838	0
839	0
840	0
841	0
842	0
843	0
844	0
845	0
846	0
847	0
848	0
849	0
850	0
851	0
852	0
853	0
854	0
855	0
856	0
857	0
858	0
859	0
860	0
861	0
862	0
863	0
864	0
865	0
866	0
867	0
868	0
869	0
870	0
871	0
872	0
873	0
874	0
875	0
876	0
877	0
878	0
879	0
880	0
881	0
882	0
883	0
884	0
885	0
886	0
887	0
888	0
889	0
890	0
891	0
892	0
893	0
894	0
895	0
896	0
897	0
898	0
899	0
900	0
901	0
902	0
903	0
904	0
905	0
906	0
907	0
908	0
909	0
910	0
911	0
912	0
913	0
914	0
915	0
916	0
917	0
918	0
919	0
920	0
921	0
922	0
923	0
924	0
925	0
926	0
927	0
928	0
929	0
930	0
931	0
932	0
933	0
934	0
935	0
936	0
937	0
938	0
939	0
940	0
941	0
942	0
943	0
944	0
945	0
946	0
947	0
948	0
949	0
950	0
951	0
952	0
953	0
954	0
955	0
956	0
957	0
958	0
959	0
960	0
961	0
962	0
963	0
964	0
965	0
966	0
967	0
968	0
969	0
970	0
971	0
972	0
973	0
974	0
975	0
976	0
977	0
978	0
979	0
980	0
981	0
982	0
983	0
984	0
985	0
986	0
987	0
988	0
989	0
990	0
991	0
992	0
993	0
994	0
995	0
996	0
997	0
998	0
999	0
1000	0
1001	0
1002	0
1003	0
1004	0
1005	0
1006	0
1007	0
1008	0
1009	0
1010	0
1011	0
1012	0
1013	0
1014	0
1015	0
1016	0
1017	0
1018	0
1019	0
1020	0
1021	0
1022	0
1023	0
1024	0
1025	0
1026	0
1027	0
1028	0
1029	0
1030	0
1031	0
1032	0
1033	0
1034	0
1035	0
1036	0
1037	0
1038	0
1039	0
1040	0
1041	0
1042	0
1043	157,6416805
1044	0
1045	0
1046	0
1047	0
1048	157,6416805
1049	0
1050	0
1051	0
1052	0
1053	0
1054	0
1055	0
1056	157,6416805
1057	0
1058	0
1059	0
1060	0
1061	0
1062	157,6416805
1063	0
1064	0
1065	0
1066	0
1067	0
1068	157,6416805
1069	157,6416805
1070	0
1071	0
1072	0
1073	157,6416805
1074	0
1075	0
1076	0
1077	0
1078	0
1079	0
1080	0
1081	0
1082	0
1083	315,2833609
1084	0
1085	0
1086	0
1087	0
1088	0
1089	157,6416805
1090	0
1091	0
1092	0
1093	0
1094	157,6416805
1095	0
1096	0
1097	0
1098	157,6416805
1099	0
1100	315,2833609
