190	312.28
191	312.12
192	311.93
193	311.73
194	311.52
195	311.29
196	311.04
197	310.78
198	310.50
199	310.20
200	309.89
201	309.57
202	309.23
203	308.87
204	308.50
205	308.11
206	307.70
207	307.28
208	306.85
209	306.40
210	305.93
211	305.45
212	304.95
213	304.44
214	303.91
215	303.36
216	302.80
217	302.23
218	301.64
219	301.03
220	300.41
221	299.78
222	299.13
223	298.46
224	297.78
225	297.09
226	296.38
227	295.65
228	294.91
229	294.16
230	293.39
231	292.61
232	291.81
233	291.00
234	290.17
235	289.33
236	288.47
237	287.61
238	286.72
239	285.82
240	284.91
241	283.99
242	283.05
243	282.10
244	281.13
245	280.15
246	279.16
247	278.16
248	277.14
249	276.11
250	275.06
251	274.00
252	272.94
253	271.85
254	270.76
255	269.65
256	268.53
257	267.40
258	266.26
259	265.10
260	263.93
261	262.75
262	261.56
263	260.36
264	259.15
265	257.93
266	256.69
267	255.45
268	254.19
269	252.92
270	251.65
271	250.36
272	249.06
273	247.76
274	246.44
275	245.11
276	243.78
277	242.44
278	241.08
279	239.72
280	238.35
281	236.97
282	235.58
283	234.19
284	232.78
285	231.37
286	229.95
287	228.53
288	227.09
289	225.65
290	224.20
291	222.75
292	221.29
293	219.82
294	218.35
295	216.87
296	215.38
297	213.89
298	212.40
299	210.90
300	209.39
301	207.88
302	206.37
303	204.85
304	203.33
305	201.80
306	200.27
307	198.74
308	197.20
309	195.66
310	194.12
311	192.58
312	191.03
313	189.48
314	187.93
315	186.37
316	184.82
317	183.26
318	181.71
319	180.15
320	178.59
321	177.03
322	175.47
323	173.91
324	172.35
325	170.79
326	169.24
327	167.68
328	166.12
329	164.57
330	163.01
331	161.46
332	159.91
333	158.36
334	156.81
335	155.27
336	153.73
337	152.19
338	150.65
339	149.11
340	147.58
341	146.05
342	144.53
343	143.00
344	141.48
345	139.96
346	138.45
347	136.94
348	135.42
349	133.91
350	132.40
351	130.89
352	129.37
353	127.86
354	126.33
355	124.80
356	123.25
357	121.69
358	120.10
359	118.49
360	116.83
361	115.14
362	113.38
363	111.55
364	109.63
365	107.59
366	105.43
367	103.10
368	100.58
369	97.83
370	94.81
371	91.50
372	87.84
373	83.81
374	79.39
375	74.57
376	69.36
377	63.81
378	58.00
379	52.04
380	46.07
381	40.22
382	34.65
383	29.46
384	24.75
385	20.56
386	16.91
387	13.80
388	11.17
389	8.99
390	7.20
391	5.74
392	4.56
393	3.61
394	2.85
395	2.25
396	1.77
397	1.39
398	1.09
399	0.86
400	0.67
401	0.53
402	0.41
403	0.32
404	0.25
405	0.20
406	0.15
407	0.12
408	0.09
409	0.07
410	0.06
411	0.05
412	0.04
413	0.03
414	0.02
415	0.02
416	0.01
417	0.01
418	0.01
419	0.01
420	0.00
421	0.00
422	0.00
423	0.00
424	0.00
425	0.00
426	0.00
427	0.00
428	0.00
429	0.00
430	0.00
431	0.00
432	0.00
433	0.00
434	0.00
435	0.00
436	0.00
437	0.00
438	0.00
439	0.00
440	0.00
441	0.00
442	0.00
443	0.00
444	0.00
445	0.00
446	0.00
447	0.00
448	0.00
449	0.00
450	0.00
451	0.00
452	0.00
453	0.00
454	0.00
455	0.00
456	0.00
457	0.00
458	0.00
459	0.00
460	0.00
461	0.00
462	0.00
463	0.00
464	0.00
465	0.00
466	0.00
467	0.00
468	0.00
469	0.00
470	0.00
471	0.00
472	0.00
473	0.00
474	0.00
475	0.00
476	0.00
477	0.00
478	0.00
479	0.00
480	0.00
481	0.00
482	0.00
483	0.00
484	0.00
485	0.00
486	0.00
487	0.00
488	0.00
489	0.00
490	0.00
491	0.00
492	0.00
493	0.00
494	0.00
495	0.00
496	0.00
497	0.00
498	0.00
499	0.00
500	0.00
501	0.00
502	0.00
503	0.00
504	0.00
505	0.00
506	0.00
507	0.00
508	0.00
509	0.00
510	0.00
511	0.00
512	0.00
513	0.00
514	0.00
515	0.00
516	0.00
517	0.00
518	0.00
519	0.00
520	0.00
521	0.00
522	0.00
523	0.00
524	0.00
525	0.00
526	0.00
527	0.00
528	0.00
529	0.00
530	0.00
531	0.00
532	0.00
533	0.00
534	0.00
535	0.00
536	0.00
537	0.00
538	0.00
539	0.00
540	0.00
541	0.00
542	0.00
543	0.00
544	0.00
545	0.00
546	0.00
547	0.00
548	0.00
549	0.00
550	0.00
551	0.00
552	0.00
553	0.00
554	0.00
555	0.00
556	0.00
557	0.00
558	0.00
559	0.00
560	0.00
561	0.00
562	0.00
563	0.00
564	0.00
565	0.00
566	0.00
567	0.00
568	0.00
569	0.00
570	0.00
571	0.00
572	0.00
573	0.00
574	0.00
575	0.00
576	0.00
577	0.00
578	0.00
579	0.00
580	0.00
581	0.00
582	0.00
583	0.00
584	0.00
585	0.00
586	0.00
587	0.00
588	0.00
589	0.00
590	0.00
591	0.00
592	0.00
593	0.00
594	0.00
595	0.00
596	0.00
597	0.00
598	0.00
599	0.00
600	0.00
601	0.00
602	0.00
603	0.00
604	0.00
605	0.00
606	0.00
607	0.00
608	0.00
609	0.00
610	0.00
611	0.00
612	0.00
613	0.00
614	0.00
615	0.00
616	0.00
617	0.00
618	0.00
619	0.00
620	0.00
621	0.00
622	0.00
623	0.00
624	0.00
625	0.00
626	0.00
627	0.00
628	0.00
629	0.00
630	0.00
631	0.00
632	0.00
633	0.00
634	0.00
635	0.00
636	0.00
637	0.00
638	0.00
639	0.00
640	0.00
641	0.00
642	0.00
643	0.00
644	0.00
645	0.00
646	0.00
647	0.00
648	0.00
649	0.00
650	0.00
651	0.00
652	0.00
653	0.00
654	0.00
655	0.00
656	0.00
657	0.00
658	0.00
659	0.00
660	0.00
661	0.00
662	0.00
663	0.00
664	0.00
665	0.00
666	0.00
667	0.00
668	0.00
669	0.00
670	0.00
671	0.00
672	0.00
673	0.00
674	0.00
675	0.00
676	0.00
677	0.00
678	0.00
679	0.00
680	0.00
681	0.00
682	0.00
683	0.00
684	0.00
685	0.00
686	0.00
687	0.00
688	0.00
689	0.00
690	0.00
691	0.00
692	0.00
693	0.00
694	0.00
695	0.00
696	0.00
697	0.00
698	0.00
699	0.00
700	0.00
701	0.00
702	0.00
703	0.00
704	0.00
705	0.00
706	0.00
707	0.00
708	0.00
709	0.00
710	0.00
711	0.00
712	0.00
713	0.00
714	0.00
715	0.00
716	0.00
717	0.00
718	0.00
719	0.00
720	0.00
721	0.00
722	0.00
723	0.00
724	0.00
725	0.00
726	0.00
727	0.00
728	0.00
729	0.00
730	0.00
731	0.00
732	0.00
733	0.00
734	0.00
735	0.00
736	0.00
737	0.00
738	0.00
739	0.00
740	0.00
741	0.00
742	0.00
743	0.00
744	0.00
745	0.00
746	0.00
747	0.00
748	0.00
749	0.00
750	0.00
751	0.00
752	0.00
753	0.00
754	0.00
755	0.00
756	0.00
757	0.00
758	0.00
759	0.00
760	0.00
761	0.00
762	0.00
763	0.00
764	0.00
765	0.00
766	0.00
767	0.00
768	0.00
769	0.00
770	0.00
771	0.00
772	0.00
773	0.00
774	0.00
775	0.00
776	0.00
777	0.00
778	0.00
779	0.00
780	0.00
781	0.00
782	0.00
783	0.00
784	0.00
785	0.00
786	0.00
787	0.00
788	0.00
789	0.00
790	0.00
791	0.00
792	0.00
793	0.00
794	0.00
795	0.00
796	0.00
797	0.00
798	0.00
799	0.00
800	0.00
801	0.00
802	0.00
803	0.00
804	0.00
805	0.00
806	0.00
807	0.00
808	0.00
809	0.00
810	0.00
811	0.00
812	0.00
813	0.00
814	0.00
815	0.00
816	0.00
817	0.00
818	0.00
819	0.00
820	0.00
821	0.00
822	0.00
823	0.00
824	0.00
825	0.00
826	0.00
827	0.00
828	0.00
829	0.00
830	0.00
831	0.00
832	0.00
833	0.00
834	0.00
835	0.00
836	0.00
837	0.00
838	0.00
839	0.00
840	0.00
841	0.00
842	0.00
843	0.00
844	0.00
845	0.00
846	0.00
847	0.00
848	0.00
849	0.00
850	0.00
851	0.00
852	0.00
853	0.00
854	0.00
855	0.00
856	0.00
857	0.00
858	0.00
859	0.00
860	0.00
861	0.00
862	0.00
863	0.00
864	0.00
865	0.00
866	0.00
867	0.00
868	0.00
869	0.00
870	0.00
871	0.00
872	0.00
873	0.00
874	0.00
875	0.00
876	0.00
877	0.00
878	0.00
879	0.00
880	0.00
881	0.00
882	0.00
883	0.00
884	0.00
885	0.00
886	0.00
887	0.00
888	0.00
889	0.00
890	0.00
891	0.00
892	0.00
893	0.00
894	0.00
895	0.00
896	0.00
897	0.00
898	0.00
899	0.00
900	0.00
901	0.00
902	0.00
903	0.00
904	0.00
905	0.00
906	0.00
907	0.00
908	0.00
909	0.00
910	0.00
911	0.00
912	0.00
913	0.00
914	0.00
915	0.00
916	0.00
917	0.00
918	0.00
919	0.00
920	0.00
921	0.00
922	0.00
923	0.00
924	0.00
925	0.00
926	0.00
927	0.00
928	0.00
929	0.00
930	0.00
931	0.00
932	0.00
933	0.00
934	0.00
935	0.00
936	0.00
937	0.00
938	0.00
939	0.00
940	0.00
941	0.00
942	0.00
943	0.00
944	0.00
945	0.00
946	0.00
947	0.00
948	0.00
949	0.00
950	0.00
951	0.00
952	0.00
953	0.00
954	0.00
955	0.00
956	0.00
957	0.00
958	0.00
959	0.00
960	0.00
961	0.00
962	0.00
963	0.00
964	0.00
965	0.00
966	0.00
967	0.00
968	0.00
969	0.00
970	0.00
971	0.00
972	0.00
973	0.00
974	0.00
975	0.00
976	0.00
977	0.00
978	0.00
979	0.00
980	0.00
981	0.00
982	0.00
983	0.00
984	0.00
985	0.00
986	0.00
987	0.00
988	0.00
989	0.00
990	0.00
991	0.00
992	0.00
993	0.00
994	0.00
995	0.00
996	0.00
997	0.00
998	0.00
999	0.00
1000	0.00
1001	0.00
1002	0.00
1003	0.00
1004	0.00
1005	0.00
1006	0.00
1007	0.00
1008	0.00
1009	0.00
1010	0.00
1011	0.00
1012	0.00
1013	0.00
1014	0.00
1015	0.00
1016	0.00
1017	0.00
1018	0.00
1019	0.00
1020	0.00
1021	0.00
1022	0.00
1023	0.00
1024	0.00
1025	0.00
1026	0.00
1027	0.00
1028	0.00
1029	0.00
1030	0.00
1031	0.00
1032	0.00
1033	0.00
1034	0.00
1035	0.00
1036	0.00
1037	0.00
1038	0.00
1039	0.00
1040	0.00
1041	0.00
1042	0.00
1043	0.00
1044	0.00
1045	0.00
1046	0.00
1047	0.00
1048	0.00
1049	0.00
1050	0.00
1051	0.00
1052	0.00
1053	0.00
1054	0.00
1055	0.00
1056	0.00
1057	0.00
1058	0.00
1059	0.00
1060	0.00
1061	0.00
1062	0.00
1063	0.00
1064	0.00
1065	0.00
1066	0.00
1067	0.00
1068	0.00
1069	0.00
1070	0.00
1071	0.00
1072	0.00
1073	0.00
1074	0.00
1075	0.00
1076	0.00
1077	0.00
1078	0.00
1079	0.00
1080	0.00
1081	0.00
1082	0.00
1083	0.00
1084	0.00
1085	0.00
1086	0.00
1087	0.00
1088	0.00
1089	0.00
1090	0.00
1091	0.00
1092	0.00
1093	0.00
1094	0.00
1095	0.00
1096	0.00
1097	0.00
1098	0.00
1099	0.00
1100	0.00
1101	0.00
1102	0.00
1103	0.00
1104	0.00
1105	0.00
1106	0.00
1107	0.00
1108	0.00
1109	0.00
1110	0.00
1111	0.00
1112	0.00
1113	0.00
1114	0.00
1115	0.00
1116	0.00
1117	0.00
1118	0.00
1119	0.00
1120	0.00
1121	0.00
1122	0.00
1123	0.00
1124	0.00
1125	0.00
1126	0.00
1127	0.00
1128	0.00
1129	0.00
1130	0.00
1131	0.00
1132	0.00
1133	0.00
1134	0.00
1135	0.00
1136	0.00
1137	0.00
1138	0.00
1139	0.00
1140	0.00
1141	0.00
1142	0.00
1143	0.00
1144	0.00
1145	0.00
1146	0.00
1147	0.00
1148	0.00
1149	0.00
1150	0.00
1151	0.00
1152	0.00
1153	0.00
1154	0.00
1155	0.00
1156	0.00
1157	0.00
1158	0.00
1159	0.00
1160	0.00
1161	0.00
1162	0.00
1163	0.00
1164	0.00
1165	0.00
1166	0.00
1167	0.00
1168	0.00
1169	0.00
1170	0.00
1171	0.00
1172	0.00
1173	0.00
1174	0.00
1175	0.00
1176	0.00
1177	0.00
1178	0.00
1179	0.00
1180	0.00
1181	0.00
1182	0.00
1183	0.00
1184	0.00
1185	0.00
1186	0.00
1187	0.00
1188	0.00
1189	0.00
1190	0.00
1191	0.00
1192	0.00
1193	0.00
1194	0.00
1195	0.00
1196	0.00
1197	0.00
1198	0.00
1199	0.00
1200	0.00
1201	0.00
1202	0.00
1203	0.00
1204	0.00
1205	0.00
1206	0.00
1207	0.00
1208	0.00
1209	0.00
1210	0.00
1211	0.00
1212	0.00
1213	0.00
1214	0.00
1215	0.00
1216	0.00
1217	0.00
1218	0.00
1219	0.00
1220	0.00
1221	0.00
1222	0.00
1223	0.00
1224	0.00
1225	0.00
1226	0.00
1227	0.00
1228	0.00
1229	0.00
1230	0.00
1231	0.00
1232	0.00
1233	0.00
1234	0.00
1235	0.00
1236	0.00
1237	0.00
1238	0.00
1239	0.00
1240	0.00
1241	0.00
1242	0.00
1243	0.00
1244	0.00
1245	0.00
1246	0.00
1247	0.00
