190	380,7
191	369,4
192	383,2
193	380,6
194	392,3
195	392,0
196	405,5
197	405,9
198	413,9
199	417,8
200	440,0
201	500,7
202	574,7
203	635,3
204	678,1
205	710,0
206	732,4
207	746,5
208	753,4
209	752,7
210	744,4
211	728,7
212	706,2
213	676,5
214	641,1
215	600,0
216	553,0
217	503,8
218	453,9
219	405,4
220	361,2
221	321,9
222	287,7
223	259,5
224	236,1
225	217,7
226	203,0
227	191,5
228	182,9
229	176,5
230	172,1
231	169,3
232	168,1
233	168,5
234	170,5
235	174,2
236	179,3
237	185,9
238	193,7
239	202,6
240	212,2
241	222,6
242	233,1
243	243,0
244	252,3
245	260,0
246	265,9
247	269,5
248	270,5
249	268,7
250	264,3
251	257,6
252	248,9
253	238,8
254	228,2
255	217,3
256	206,7
257	196,7
258	187,7
259	179,4
260	172,1
261	165,5
262	159,9
263	154,9
264	150,7
265	147,0
266	144,0
267	141,5
268	139,5
269	138,0
270	136,9
271	136,4
272	136,3
273	136,9
274	138,1
275	139,8
276	142,4
277	145,6
278	149,4
279	153,8
280	158,7
281	164,3
282	170,4
283	177,0
284	184,1
285	191,8
286	200,0
287	208,8
288	218,1
289	227,8
290	237,9
291	248,3
292	258,9
293	269,2
294	279,3
295	288,8
296	297,3
297	304,9
298	311,1
299	315,6
300	318,6
301	319,5
302	318,4
303	315,4
304	310,5
305	303,1
306	293,8
307	282,4
308	269,5
309	255,0
310	239,3
311	223,2
312	207,0
313	191,0
314	176,0
315	161,7
316	148,4
317	136,4
318	125,4
319	115,3
320	106,2
321	98,0
322	90,8
323	84,4
324	79,0
325	74,4
326	70,6
327	67,5
328	64,7
329	62,4
330	60,2
331	58,0
332	55,7
333	53,4
334	51,0
335	48,6
336	46,3
337	44,3
338	42,5
339	41,1
340	39,9
341	39,1
342	38,6
343	38,3
344	38,1
345	38,1
346	38,3
347	38,5
348	38,6
349	38,7
350	38,9
351	38,9
352	38,8
353	38,7
354	38,5
355	38,2
356	37,7
357	37,2
358	36,6
359	35,9
360	35,2
361	34,5
362	33,8
363	33,2
364	32,6
365	31,8
366	31,0
367	30,4
368	29,6
369	28,8
370	27,9
371	26,9
372	25,9
373	25,0
374	23,8
375	22,7
376	21,7
377	20,6
378	19,5
379	18,6
380	17,7
381	16,4
382	15,6
383	15,0
384	14,2
385	13,5
386	13,0
387	12,5
388	12,3
389	12,1
390	11,6
391	11,3
392	11,2
393	11,5
394	11,5
395	11,4
396	11,3
397	11,4
398	11,8
399	12,3
400	12,1
401	12,0
402	12,2
403	12,5
404	12,8
405	13,4
406	14,0
407	13,9
408	14,1
409	14,7
410	15,1
411	15,5
412	16,1
413	16,9
414	17,5
415	17,9
416	18,4
417	19,1
418	19,8
419	20,5
420	21,3
421	22,3
422	23,5
423	24,5
424	25,3
425	26,1
426	26,8
427	28,0
428	29,4
429	30,5
430	32,0
431	33,7
432	34,5
433	35,7
434	37,3
435	38,7
436	40,3
437	42,3
438	43,9
439	45,8
440	47,6
441	49,7
442	51,9
443	53,8
444	56,1
445	58,3
446	60,7
447	63,1
448	65,7
449	68,3
450	71,0
451	73,8
452	76,8
453	79,8
454	83,0
455	86,3
456	89,8
457	93,4
458	97,4
459	101,4
460	105,3
461	109,4
462	113,5
463	118,0
464	123,1
465	127,9
466	132,9
467	137,8
468	143,1
469	148,7
470	154,1
471	160,0
472	166,2
473	172,8
474	179,3
475	185,9
476	193,1
477	200,2
478	207,5
479	215,1
480	223,1
481	231,0
482	239,4
483	247,8
484	256,3
485	266,5
486	277,0
487	284,0
488	292,7
489	303,3
490	313,3
491	323,7
492	334,1
493	345,2
494	356,0
495	367,2
496	379,1
497	390,7
498	402,8
499	415,3
500	427,7
501	440,8
502	454,2
503	467,2
504	481,1
505	495,0
506	508,8
507	522,7
508	537,6
509	552,0
510	567,2
511	581,7
512	596,6
513	611,9
514	626,0
515	640,5
516	655,5
517	670,7
518	685,6
519	699,4
520	713,3
521	727,5
522	741,8
523	755,0
524	767,9
525	781,9
526	793,0
527	804,7
528	816,2
529	828,3
530	838,6
531	849,7
532	860,4
533	869,2
534	877,5
535	885,1
536	895,1
537	901,5
538	909,3
539	918,5
540	925,6
541	930,2
542	936,0
543	942,6
544	948,5
545	953,0
546	959,6
547	966,3
548	969,9
549	975,6
550	980,4
551	983,5
552	987,6
553	994,3
554	999,2
555	1004,9
556	1010,8
557	1015,3
558	1024,2
559	1031,7
560	1038,1
561	1047,6
562	1053,6
563	1062,3
564	1069,7
565	1080,0
566	1090,9
567	1101,9
568	1110,3
569	1123,1
570	1136,1
571	1147,3
572	1158,5
573	1168,6
574	1178,8
575	1187,5
576	1200,1
577	1203,9
578	1219,8
579	1221,3
580	1229,8
581	1228,3
582	1236,1
583	1238,3
584	1230,2
585	1232,0
586	1232,0
587	1220,1
588	1215,9
589	1206,2
590	1195,9
591	1180,2
592	1162,0
593	1149,5
594	1133,4
595	1112,0
596	1089,9
597	1066,1
598	1037,5
599	1009,3
600	982,3
601	950,5
602	920,1
603	886,8
604	854,4
605	819,6
606	785,3
607	750,6
608	717,1
609	683,9
610	650,1
611	617,7
612	587,0
613	557,7
614	530,5
615	501,7
616	472,6
617	443,9
618	415,9
619	389,8
620	364,3
621	341,5
622	318,9
623	298,3
624	278,8
625	260,1
626	242,6
627	225,6
628	210,4
629	195,9
630	182,3
631	169,6
632	157,7
633	146,8
634	136,4
635	126,6
636	117,6
637	109,4
638	101,8
639	94,5
640	87,7
641	81,4
642	75,8
643	70,8
644	66,0
645	61,5
646	57,1
647	53,2
648	49,7
649	46,5
650	43,6
651	40,8
652	38,1
653	35,6
654	33,3
655	31,2
656	31,0
657	29,7
658	26,3
659	24,4
660	23,0
661	21,7
662	20,5
663	19,3
664	18,3
665	17,3
666	16,3
667	15,4
668	14,6
669	13,9
670	13,3
671	12,8
672	12,3
673	11,9
674	11,4
675	11,0
676	10,6
677	10,3
678	10,0
679	9,7
680	9,5
681	9,2
682	8,9
683	8,6
684	8,4
685	8,2
686	8,1
687	7,9
688	7,7
689	7,5
690	7,3
691	7,2
692	7,1
693	7,0
694	6,8
695	6,7
696	6,5
697	6,3
698	6,2
699	6,0
700	5,7
701	5,5
702	5,3
703	5,2
704	5,1
705	5,0
706	5,1
707	5,2
708	5,4
709	5,5
710	5,5
711	5,5
712	5,3
713	5,1
714	4,9
715	4,6
716	4,4
717	4,4
718	4,6
719	4,8
720	5,0
721	5,0
722	4,8
723	4,5
724	4,2
725	4,1
726	4,2
727	4,5
728	4,7
729	4,7
730	4,4
731	4,1
732	4,0
733	4,1
734	4,4
735	4,6
736	4,4
737	4,0
738	3,8
739	3,9
740	4,3
741	4,4
742	4,1
743	3,8
744	3,7
745	4,0
746	4,3
747	4,1
748	3,7
749	3,6
750	4,0
751	4,2
752	4,0
753	3,7
754	3,8
755	4,1
756	4,1
757	3,9
758	3,7
759	3,9
760	4,2
761	4,0
762	3,5
763	3,7
764	4,2
765	4,0
766	3,4
767	3,6
768	4,1
769	3,9
770	3,4
771	3,7
772	4,1
773	3,7
774	3,2
775	3,7
776	4,0
777	3,4
778	3,2
779	3,9
780	3,9
781	3,2
782	3,6
783	4,0
784	3,4
785	3,2
786	3,9
787	3,7
788	3,1
789	3,7
790	3,9
791	3,1
792	3,5
793	3,9
794	3,2
795	3,3
796	3,9
797	3,3
798	3,1
799	3,9
800	3,4
801	3,1
802	3,9
803	3,3
804	3,2
805	3,8
806	3,3
807	3,3
808	3,9
809	3,1
810	3,3
811	3,8
812	3,0
813	3,5
814	3,6
815	3,1
816	3,7
817	3,5
818	3,1
819	3,7
820	3,2
821	3,4
822	3,6
823	3,1
824	3,7
825	3,4
826	3,2
827	3,7
828	3,2
829	3,5
830	3,4
831	3,2
832	3,6
833	3,2
834	3,5
835	3,4
836	3,3
837	3,6
838	3,1
839	3,4
840	3,3
841	3,3
842	3,5
843	3,2
844	3,5
845	3,2
846	3,4
847	3,3
848	3,3
849	3,5
850	3,2
851	3,5
852	3,3
853	3,5
854	3,3
855	3,4
856	3,5
857	3,3
858	3,5
859	3,3
860	3,4
861	3,3
862	3,4
863	3,3
864	3,3
865	3,3
866	3,3
867	3,4
868	3,3
869	3,4
870	3,3
871	3,4
872	3,3
873	3,4
874	3,2
875	3,4
876	3,3
877	3,5
878	3,3
879	3,5
880	3,3
881	3,4
882	3,3
883	3,5
884	3,2
885	3,5
886	3,3
887	3,4
888	3,3
889	3,5
890	3,2
891	3,5
892	3,3
893	3,5
894	3,3
895	3,5
896	3,2
897	3,5
898	3,3
899	3,4
900	3,3
901	3,4
902	3,3
903	3,4
904	3,4
905	3,2
906	3,5
907	3,2
908	3,5
909	3,3
910	3,4
911	3,3
912	3,5
913	3,3
914	3,4
915	3,4
916	3,2
917	3,5
918	3,3
919	3,4
920	3,4
921	3,3
922	3,5
923	3,3
924	3,5
925	3,4
926	3,4
927	3,5
928	3,4
929	3,4
930	3,4
931	3,4
932	3,4
933	3,5
934	3,4
935	3,5
936	3,5
937	3,4
938	3,5
939	3,4
940	3,4
941	3,5
942	3,5
943	3,5
944	3,4
945	3,5
946	3,5
947	3,5
948	3,4
949	3,6
950	3,4
951	3,4
952	3,6
953	3,4
954	3,7
955	3,5
956	3,4
957	3,6
958	3,4
959	3,6
960	3,4
961	3,4
962	3,5
963	3,4
964	3,5
965	3,4
966	3,5
967	3,4
968	3,5
969	3,4
970	3,5
971	3,6
972	3,2
973	3,6
974	3,4
975	3,5
976	3,5
977	3,4
978	3,3
979	3,5
980	3,5
981	3,4
982	3,6
983	3,4
984	3,5
985	3,5
986	3,5
987	3,4
988	3,5
989	3,6
990	3,4
991	3,5
992	3,4
993	3,5
994	3,4
995	3,5
996	3,4
997	3,5
998	3,5
999	3,6
1000	3,4
1001	3,6
1002	3,6
1003	3,4
1004	3,6
1005	3,6
1006	3,5
1007	3,5
1008	3,6
1009	3,6
1010	3,6
1011	3,7
1012	3,7
1013	3,7
1014	3,6
1015	3,6
1016	3,7
1017	3,6
1018	3,7
1019	3,6
1020	3,5
1021	3,8
1022	4,0
1023	3,5
1024	3,8
1025	3,7
1026	3,7
1027	3,7
1028	3,9
1029	3,8
1030	3,9
1031	3,8
1032	3,9
1033	3,7
1034	3,7
1035	3,9
1036	4,0
1037	3,6
1038	4,2
1039	3,8
1040	4,0
1041	3,5
1042	3,8
1043	3,8
1044	4,0
1045	4,2
1046	3,8
1047	3,8
1048	3,8
1049	4,0
1050	4,3
1051	4,0
1052	4,3
1053	4,3
1054	3,7
1055	4,1
1056	4,5
1057	4,4
1058	4,2
1059	4,1
1060	3,6
1061	4,8
1062	4,2
1063	4,6
1064	3,6
1065	4,6
1066	4,3
1067	4,4
1068	5,5
1069	4,9
1070	4,6
1071	4,4
1072	4,8
1073	5,0
1074	4,8
1075	5,4
1076	4,8
1077	4,8
1078	5,5
1079	5,2
1080	4,6
1081	6,8
1082	6,6
1083	5,2
1084	6,5
1085	4,2
1086	5,8
1087	5,9
1088	5,5
1089	6,6
1090	6,1
1091	4,9
1092	4,8
1093	4,2
1094	5,2
1095	6,9
1096	5,0
1097	5,9
1098	4,2
1099	4,9
1100	6,9
